8 55000
9 58000
10 59000
11 63000
12 65000
13 66000
14 69000
15 73000
16 75000
17 79000
18 80000
19 81000
20 83000
21 87000
22 89000
23 91000
24 94000
25 99000
26 100000
27 102000
28 105000
29 109000
30 110000
31 112000
32 114000
33 118000
34 121000
35 125000
36 127000
37 129000
38 135000
39 136000
40 139000
41 142000
42 144000
43 149000
44 151000
45 152000
46 158000
47 159000
48 161000
49 163000
50 168000
51 169000
52 171000
53 174000
54 178000
55 181000
56 184000
57 188000
58 193000
59 195000
60 197000
61 200000
62 202000
63 203000
64 209000
65 211000
66 214000
67 215000
68 220000
69 226000
70 228000
71 231000
72 235000
73 237000
74 239000
75 242000
76 245000
77 247000
78 255000
79 256000
80 261000
81 264000
82 265000
83 271000
84 272000
85 273000
86 277000
87 285000
88 287000
89 288000
90 295000
91 298000
92 299000
93 301000
94 303000
95 304000
96 310000
97 311000
98 312000
99 317000
100 318000
101 329000
102 330000
103 334000
104 342000
105 344000
106 352000
107 353000
108 355000
109 358000
110 362000
111 363000
112 364000
113 373000
114 374000
115 375000
116 384000
117 385000
118 388000
119 389000
120 390000
121 399000
122 404000
123 405000
124 408000
125 410000
126 422000
127 425000
128 427000
129 435000
130 437000
131 438000
132 444000
133 446000
134 447000
135 455000
136 456000
137 467000
138 468000
139 470000
140 473000
141 483000
142 484000
143 488000
144 489000
145 490000
146 503000
147 505000
148 507000
149 514000
150 519000
151 521000
152 527000
153 529000
154 531000
155 532000
156 538000
157 548000
158 549000
159 551000
160 552000
161 553000
162 562000
163 563000
164 577000
165 578000
166 579000
167 582000
168 583000
169 585000
170 602000
171 603000
172 609000
173 610000
174 614000
175 616000
176 617000
177 632000
178 633000
179 634000
180 642000
