2.96716e+010 172254 1 321305 0 0 0 0 0 0 174 ++
4.94724e+009 70336.6 2 -602090 212833 0 0 0 0 0 357 ++
1.81246e+008 13462.8 2 -902.494 0 3409.81 0 0 0 0 296 ++
4.4314e+007 6656.88 3 139052 -46104.1 4045.54 0 0 0 0 738 ++
1.54401e+007 3929.39 3 60652.5 0 -1425.63 888.967 0 0 0 721 ++
8.40264e+006 2898.73 4 -12729.6 39345.4 -5586.05 1554.09 0 0 0 1374 --
7.16666e+006 2677.06 3 36367.3 0 2310.14 0 5.8197 0 0 715 --
7.17289e+006 2678.23 4 34505.5 0 2581.78 -63.8051 6.21886 0 0 1634 --
7.28302e+006 2698.71 5 23532.5 8389.1 975.458 249.146 5.09921 0 0 1804 --
7.1905e+006 2681.51 4 35809.4 0 2340.09 0 5.43792 0.00134733 0 1507 --
7.5739e+006 2752.07 5 11312.6 12154.9 1690.4 0 9.89678 -0.0101483 0 1678 **
7.85179e+006 2802.11 5 16413.2 0 6210.13 -1055.33 20.0429 -0.0270223 0 1476 **
7.93383e+006 2816.71 6 8812.84 9008.06 3596 -471.863 15.1953 -0.019608 0 1783 **
1.0987e+007 3314.66 5 17415.3 0 3567.11 0 -18.534 0.179585 -0.000446538 1519 **
6.03556e+007 7768.89 6 -2827.41 0 200.03 1815.92 -105.344 0.675872 -0.00154995 1547 **
1.04737e+007 3236.31 7 -7094.35 -14526 19793.6 -4937.64 99.023 -0.359452 0.000633324 3110 --
